3035 3832
2e02 3035 3832 3030 3034 3030 3030 2020
2030 3030 3130 3030 3020 2020 3100 0001
3030 3030 3030 3030 0030 3030 3030 3032
3030 f23e 44c1 b8e0 9818 0000 0000 1000
0081 3136 3632 3030 3538 3531 3131 3137
3036 3431 3030 3030 3030 3030 3030 3030
3031 3030 3030 3035 3130 3039 3431 3130
3031 3731 3130 3039 3431 3130 3035 3130
3235 3132 3034 3034 3730 3131 3032 3130
3030 3630 3830 3030 3130 3030 3530 3830
3030 3130 3030 3533 3639 3535 3839 3930
3030 3030 3030 3030 3030 3031 3d30 3530
3935 3637 3839 3031 3233 3435 3630 3939
3939 3935 3538 3939 3030 3030 3030 3030
3030 3030 313d 3135 3631 3536 3030 3030
3030 3030 3030 3030 3030 3033 3937 3639
3939 3233 3630 3030 3030 3230 3730 3030
3030 3030 3030 3030 3030 3030 3030 3030
3030 303d 3030 3030 3030 3030 3030 3030
3d30 3030 3030 3030 3030 3137 3131 3046
3431 3132 3334 3546 3432 3031 3233 3435
3637 3839 3132 4634 337a 6861 6e67 6a69
616e 6773 6f66 7477 6172 6570 6172 6b20
2020 2020 2020 2020 2020 2020 2020 3135
3679 6bec 8072 8a8a 5a32 3030 3030 3030
3030 3030 3030 3030 3030 3237 3030 3030
2d30 3030 3033 3030 3030 3030 3030 3030
3030 3131 3030 3530 3736 3031 3030 3030
3030 3030 3030 3030 3039 3030 3330 2020
2020 4355 5034 3534 2020 4355 5041 4d30
3031 3030 3130 3131 3030 3030 3030 3030
3036 d5c4 b4f3 c7c5 3031 3131 3338 3131
3131 3131 3131 3038 3030 3034 3030 3030
3034 3335 3136 5332 3230 3030 3030 3435
3030 3034 3030 3030 2020 2030 3030 3030
3030 3030 3030 3030 3030 3030 3030 3243
3839 3442 3544 0a5b 393a 3530 3a31 353a
3831 3034 3037 5d5b 3035 3135 2030 3531
355d 0a


