30 3531 352e 0230 3531 3530 3030
3430 3030 3020 2020 3030 3031 3030 3030
2020 2031 0000 0130 3030 3030 3030 3000
3030 3030 3030 3232 30f2 3a44 81b8 e080
1000 0000 4010 0000 8131 3636 3230 3035
3835 3131 3131 3730 3634 3132 3030 3030
3030 3030 3030 3030 3130 3030 3030 3531
3030 3934 3332 3330 3137 3131 3130 3934
3332 3330 3531 3030 3430 3437 3031 3130
3230 3030 3038 3030 3031 3030 3035 3038
3030 3031 3030 3035 3336 3935 3538 3939
3030 3030 3030 3030 3030 3030 313d 3035
3039 3536 3738 3930 3132 3334 3536 3039
3939 3939 3535 3839 3930 3030 3030 3030
3030 3030 3031 3d31 3536 3135 3630 3030
3030 3030 3030 3030 3030 3030 3339 3736
3939 3932 3336 3030 3030 3032 3037 3030
3030 3030 3030 3030 3030 3030 3030 3030
3030 3030 3d30 3030 3030 3030 3030 3030
303d 3030 3030 3030 3030 3031 3731 3131
4634 3131 3233 3435 4634 3230 3132 3334
3536 3738 3931 3246 3433 7a68 616e 676a
6961 6e67 736f 6674 7761 7265 7061 726b
2020 2020 2020 2020 2020 2020 2020 2031
3536 3032 3730 3030 302d 3030 3030 3330
3030 3030 3030 3030 3030 3031 3130 3035
3032 3030 3031 3731 3130 3035 3130 3039
3431 3130 3030 3030 3030 3130 3030 3530
3030 3030 3031 3030 3035 3038 3030 3034
3030 3030 3034 3335 3136 5333 3030 3030
3033 3535 3030 3034 3030 3030 2020 2030
3030 3030 3030 3030 3030 3030 3030 3030
3030 3839 3941 4442 4443 0a5b 3136 3a31
313a 3439 3a37 3834 3537 395d 5b30 3539
3120 3035 3931 5d0a